1980.18735
1978.35610
1976.51735
1974.67360
1972.82735
1970.98360
1969.14235
1967.31110
1965.49235
1963.69110
1961.91235
1960.16610
1958.45235
1956.78360
1955.16735
1953.61360
1952.13235
1950.73610
1949.43735
1948.25360
1947.20235
1946.30360
1945.57735
1945.05110
1944.75485
1944.71610
1944.97735
1945.57860
1946.56735
1947.99860
1949.93485
1952.44610
1955.60985
1959.51610
1964.26235
1969.96110
1976.73235
1984.69860
1993.99235
2004.74110
2017.05485
2031.02360
2046.67985
2063.99360
2082.84235
2103.00860
2124.18235
2146.00610
2168.12985
2190.31110
2212.49985
2234.92610
2258.20235
2283.44860
2312.48735
2348.16610
2382.10865
2390.42240
2398.61115
2406.65490
2414.54115
2422.25990
2429.80115
2437.15990
2444.34115
2451.34490
2458.17615
2464.84740
2471.36865
2477.74990
2484.00615
2490.15490
2496.20865
2502.19115
2508.11365
2514.00115
2519.87365
2525.75615
2531.67865
2537.66615
2543.75865
2549.98615
2556.39365
2563.04115
2569.98365
2577.29115
2585.05365
2593.37615
2602.37865
2612.21615
2623.07365
2635.18115
2648.82865
2664.35615
2682.21865
2702.96115
2727.27365
2755.97615
2790.05865
2830.59615
2878.57865
2934.52115
2997.70865
3065.27115
3132.08865
3192.82615
3244.87865
3288.96115
3327.48365
3363.02615
3397.62365
3431.81615
