58.70412
57.81224
57.08638
56.45528
55.87328
55.31239
54.75724
54.20199
53.64790
53.10113
52.57036
52.06467
51.59184
51.15743
50.76453
50.41398
50.10487
49.83508
49.60180
49.40184
49.23194
49.08892
48.96980
48.87183
48.79252
48.72963
48.68119
48.64542
48.62080
48.60593
48.59963
48.60084
48.60862
48.62215
48.64072
48.66368
48.69048
48.72062
48.75365
48.78920
48.82691
48.86648
48.90763
48.95013
48.99375
49.03831
49.08363
49.12956
49.17597
49.22272
49.26971
49.31684
49.36402
49.41118
49.45823
49.50512
86.68116
85.30230
84.21566
83.23425
82.23457
81.11912
79.81243
78.29006
76.61574
74.92323
73.34081
71.94023
70.73930
69.72499
68.87225
68.15407
67.54587
67.02679
66.57972
66.19086
65.84915
65.54573
65.27346
65.02662
64.80054
64.59141
64.39612
64.21208
64.03715
63.86951
63.70766
63.55029
63.39631
63.24473
63.09473
62.94555
62.79652
62.64704
62.49653
62.34448
62.19040
62.03383
61.87433
61.71149
61.54495
61.37436
61.19944
61.01993
60.83568
60.64657
60.45260
60.25386
60.05052
59.84289
59.63138
59.41648
