2348.16468
2312.48952
2283.45525
2258.21114
2234.93139
2212.49560
2190.28960
2168.07942
2145.91609
2124.04525
2102.81448
2082.58669
2063.67351
2046.29736
2030.58139
2016.55923
2004.19463
1993.40326
1984.07192
1976.07348
1969.27746
1963.55683
1958.79207
1954.87321
1951.70068
1949.18522
1947.24743
1945.81699
1944.83185
1944.23734
1943.98535
1944.03357
1944.34476
1944.88613
1945.62882
1946.54737
1947.61929
1948.82474
1950.14614
1951.56793
1953.07630
1954.65900
1956.30514
1958.00502
1959.75000
1961.53238
1963.34529
1965.18256
1967.03872
1968.90882
1970.78848
1972.67371
1974.56098
1976.44710
1978.32918
1980.20466
3467.24631
3412.09199
3368.62645
3329.36996
3289.38276
3244.76471
3192.49729
3131.60231
3064.62944
2996.92901
2933.63236
2877.60921
2829.57183
2788.99968
2754.88987
2726.16281
2701.83482
2681.07149
2663.18867
2647.63439
2633.96604
2621.82904
2610.93856
2601.06486
2592.02155
2583.65653
2575.84488
2568.48331
2561.48585
2554.78048
2548.30635
2542.01174
2535.85221
2529.78926
2523.78917
2517.82200
2511.86092
2505.88150
2499.86127
2493.77933
2487.61609
2481.35312
2474.97304
2468.45965
2461.79797
2454.97448
2447.97747
2440.79737
2433.42718
2425.86294
2418.10418
2410.15430
2402.02085
2393.71572
2385.25507
2376.65912
