262.42661
265.72552
269.22942
272.95864
276.93724
281.19177
285.75286
290.65552
295.94036
301.65239
307.84474
314.57755
321.91911
329.94817
338.75286
348.43005
359.08536
370.82692
383.75911
397.96380
413.47974
430.26942
448.18536
466.94755
486.14724
505.28567
523.80099
540.99942
555.98036
568.24505
578.34536
587.03817
594.74536
601.67692
607.95786
613.68005
618.92224
623.75380
628.23692
632.42755
636.37442
640.12005
643.70317
647.15880
650.51442
653.79880
657.03442
660.24005
663.43317
666.62755
669.83692
