151.48275
151.44619
151.38844
151.30782
151.20595
151.08341
150.94381
150.78935
150.62911
150.47276
150.33092
150.22634
150.18022
150.23487
150.43746
150.85892
151.60173
152.80562
154.66281
157.44272
161.50535
167.29921
175.36348
186.27236
200.55784
218.74798
241.78886
271.90068
310.83864
352.96950
389.00744
417.84979
442.31534
464.07803
483.79505
501.66451
517.82191
532.38260
545.44740
557.21606
567.78462
577.37305
586.06456
594.05413
601.42449
608.35073
614.86002
621.13636
627.23295
633.20395
639.12506
