638.47908
633.00377
627.17724
621.12392
614.84453
608.28250
601.35291
593.95378
585.97002
577.27471
567.72984
557.18777
545.49400
532.49216
518.03118
501.97363
484.19904
464.58478
442.91751
418.62621
390.16983
354.57983
311.69035
271.85761
241.80347
218.78301
200.47856
186.08213
175.12156
167.05933
161.30294
157.29393
154.56444
152.75133
151.58547
150.87255
150.47399
150.29131
150.25447
150.31344
150.43236
150.58544
150.75416
150.92530
151.08951
151.24035
151.37357
151.48658
151.57806
151.64768
151.69588
