670.00574
666.74251
663.52767
660.32421
657.10970
653.86486
650.56956
647.20129
643.73447
640.13997
636.38467
632.43087
628.23576
623.75072
618.92079
613.68396
607.97047
601.70097
594.78095
587.08287
578.39314
568.28461
556.00719
541.02896
523.84863
505.35124
486.22353
467.02750
448.26464
430.34616
413.55463
398.03825
383.83433
370.90403
359.16435
348.51178
338.83750
330.03615
322.01012
314.67142
307.94190
301.75282
296.04400
290.76289
285.86363
281.30619
277.05558
273.08118
269.35613
265.85680
262.56242
